1045527171
1038814094
1002299662
1147692452
1063718100
1045491329
5793969
1049348453
1049347043
1045516562
10518117210
1076817837
1028028916
1031652156
85165422
1027957381
1063295021
1045490186
1039695682
1027947450
71940183
7228060
1122407757
78300961
85372931
85084001
78768498
1045486922
1045434305
1028035187
1028001261
1040371808
78743825
1001153626
1001034263
1027952274
1007843947
71351231
1032177024
10998759
1085902903
1045490662
1027949506
78763964
1019007779
71350694
1032179503
1045521730
1001024657
78295820
73376699
1234890455
71174274
71350694
1039096509
1003408183
1027955942
71940550
1002088737
1027940130
73199257
88272372
1045523317
1193497893
1063142782
1028029971
1053765991
71242268
1001597426
1017177687
1065277495
78727446
1027962516
74282586
1047421268
78297290
78304798
63526234
1063284538
78304481
92230959
71481634
9148529
1040377182
1045498637
1075093946
1077451711
1001028154
1037484930
91325383
1102875797
1045503615
1019008957
1001154740
1028037728
12020213
1114732828
1192789671
78293692
1151434696
1007649183
83058908
1001028450
93385848
1039289520
1067925090
1096196844
1017142139
1082246199
10903657
78645294
1001643418
80235688
1028011419
1032176284
1027942503
1001021069
1027953055
1003290125
78302953
1002088326
1065889037
78300547
91530985
1007832273
1045517187
1049349145
1007370223
1045514367
10944740
78322646
1048603605
1120217257
1040357414
1027956948
1143232394
78589040
1046528364
1028012822
1148145970
1045504461
1045486038
1045496518
1045490888
78075701
1065566725
1115951801
1028035778
1028034200
1038799876
1027949228
1001673042
1040355797
1028039432
1003786088
1002088557
1040380924
1001033397
1039096509
1003408183
1040371939
1193216487
1045497570
72020077
1045523986
1123411107
78589346
1049349704
1053345641
1007747586
1192781880
1082247231
14013986
71195270
11902055
1001398446
1063291459
1027942036
1032177901
1045489375
1028030909
1027952842
1001028849
1045495107
1028034255
1002107040
1035642153
1046527910
1041267857
1028005139
1032177375
1046527388
1040354585
1001025138
1027956249
1045528603
1045521249
73228571
1038092542
1028038511
1001153998
1028034015
1001033470
1051822390
1027953592
78301809
1027941763
1040380086
1007872720
1028018195
1027949857
1028039104
78588072
78585572
78298283
1077428950
1091807307
1027955987
1192757256
1028039920
1193050730
1152935006
1007908166
9144601
1045493021
78297902
13854031
1007872748
1045491329
1045500315
1028025929
1007470223
1037119610
1027951354
1028040413
1067852221
1003140557
1001030330
1003433919
1039695494
1027951538
1028011419
1028040774
13854031
1117529608
78322646
10944740
1045517187
1045514367
78075701
1045504461
1027951538
1143232394
1065566725
78589040
1049349145
1040357414
1045486038
1045496518
1028012822
14013986
11095123
78589346
1049349704
1007747586
1027952849
1040380924
1037119610
1045497570
1003786088
1003405761
